/*author: charles cheng 2016-07-21*/
#ifndef GRAPHICS_LIB_H
#define GRAPHICS_LIB_H
#include "epdk.h"
#include "bmp.h"
#include "epdk_inc.h"	

#define SIZE 256
#define DCT_BLOCK_SIZE 8
#define whether_cross_edge(a, length) ((a+1)>length?a:(a+1))

typedef struct _DCT_coefficient
{
	uint8_t i;
	uint8_t j;
}DCT_coefficient;
DCT_coefficient DCT_coefficient_table[] = {};

#if 1
float cosin_table[SIZE] = {	1.000000, 0.980785, 0.923880, 0.831470, 0.707107, 0.555570, 0.382683, 0.195090, 0.000000, -0.195090, -0.382683, -0.555570, -0.707107, -0.831470, -0.923880, -0.980785,\
							0.980785, 0.961940, 0.906127, 0.815493, 0.693520, 0.544895, 0.375330, 0.191342, 0.000000, -0.191342, -0.375330, -0.544895, -0.693520, -0.815493, -0.906127, -0.961940,\
							0.923880, 0.906127, 0.853553, 0.768178, 0.653282, 0.513280, 0.353553, 0.180240, 0.000000, -0.180240, -0.353553, -0.513280, -0.653281, -0.768178, -0.853553, -0.906127,\
							0.831470, 0.815493, 0.768178, 0.691342, 0.587938, 0.461940, 0.318190, 0.162212, 0.000000, -0.162212, -0.318190, -0.461940, -0.587938, -0.691342, -0.768178, -0.815493,\
							0.707107, 0.693520, 0.653282, 0.587938, 0.500000, 0.392848, 0.270598, 0.137950, 0.000000, -0.137950, -0.270598, -0.392847, -0.500000, -0.587938, -0.653281, -0.693520,\
							0.555570, 0.544895, 0.513280, 0.461940, 0.392848, 0.308658, 0.212608, 0.108386, 0.000000, -0.108386, -0.212608, -0.308658, -0.392847, -0.461940, -0.513280, -0.544895,\
							0.382683, 0.375330, 0.353553, 0.318190, 0.270598, 0.212608, 0.146447, 0.074658, 0.000000, -0.074658, -0.146447, -0.212608, -0.270598, -0.318190, -0.353553, -0.375330,\
							0.195090, 0.191342, 0.180240, 0.162212, 0.137950, 0.108386, 0.074658, 0.038060, 0.000000, -0.038060, -0.074658, -0.108386, -0.137950, -0.162212, -0.180240, -0.191342,\
							0.000000, 0.000000, 0.000000, 0.000000, 0.000000, 0.000000, 0.000000, 0.000000, 0.000000, -0.000000, -0.000000, -0.000000, -0.000000, -0.000000, -0.000000, -0.000000,\
							-0.195090, -0.191342, -0.180240, -0.162212, -0.137950, -0.108386, -0.074658, -0.038060, -0.000000, 0.038060, 0.074658, 0.108386, 0.137950, 0.162212, 0.180240, 0.191342,\
							-0.382683, -0.375330, -0.353553, -0.318190, -0.270598, -0.212608, -0.146447, -0.074658, -0.000000, 0.074658, 0.146447, 0.212607, 0.270598, 0.318190, 0.353553, 0.375330,\
							-0.555570, -0.544895, -0.513280, -0.461940, -0.392847, -0.308658, -0.212608, -0.108386, -0.000000, 0.108386, 0.212607, 0.308658, 0.392847, 0.461940, 0.513280, 0.544895,\
							-0.707107, -0.693520, -0.653281, -0.587938, -0.500000, -0.392847, -0.270598, -0.137950, -0.000000, 0.137950, 0.270598, 0.392847, 0.500000, 0.587938, 0.653281, 0.693520,\
							-0.831470, -0.815493, -0.768178, -0.691342, -0.587938, -0.461940, -0.318190, -0.162212, -0.000000, 0.162212, 0.318190, 0.461940, 0.587938, 0.691342, 0.768178, 0.815493,\
							-0.923880, -0.906127, -0.853553, -0.768178, -0.653281, -0.513280, -0.353553, -0.180240, -0.000000, 0.180240, 0.353553, 0.513280, 0.653281, 0.768178, 0.853553, 0.906127,\
							-0.980785, -0.961940, -0.906127, -0.815493, -0.693520, -0.544895, -0.375330, -0.191342, -0.000000, 0.191342, 0.375330, 0.544895, 0.693520, 0.815493, 0.906127, 0.961940};
#else
float cosin_table[SIZE];

#endif
#if 1
unsigned short Y_R[SIZE] = {0x0, 0x0, 0x0, 0x0, 0x1, 0x1, 0x1, 0x1, 0x2, 0x2, 0x2, 0x2, 0x3, 0x3, 0x3, 0x3, \
							0x4, 0x4, 0x4, 0x4, 0x5, 0x5, 0x5, 0x5, 0x6, 0x6, 0x6, 0x6, 0x7, 0x7, 0x7, 0x7, \
							0x8, 0x8, 0x8, 0x8, 0x9, 0x9, 0x9, 0xa, 0xa, 0xa, 0xa, 0xb, 0xb, 0xb, 0xb, 0xc, \
							0xc, 0xc, 0xc, 0xd, 0xd, 0xd, 0xd, 0xe, 0xe, 0xe, 0xe, 0xf, 0xf, 0xf, 0xf, 0x10, \
							0x10, 0x10, 0x10, 0x11, 0x11, 0x11, 0x11, 0x12, 0x12, 0x12, 0x13, 0x13, 0x13, 0x13, 0x14, 0x14, \
							0x14, 0x14, 0x15, 0x15, 0x15, 0x15, 0x16, 0x16, 0x16, 0x16, 0x17, 0x17, 0x17, 0x17, 0x18, 0x18, \
							0x18, 0x18, 0x19, 0x19, 0x19, 0x19, 0x1a, 0x1a, 0x1a, 0x1a, 0x1b, 0x1b, 0x1b, 0x1b, 0x1c, 0x1c, \
							0x1c, 0x1d, 0x1d, 0x1d, 0x1d, 0x1e, 0x1e, 0x1e, 0x1e, 0x1f, 0x1f, 0x1f, 0x1f, 0x20, 0x20, 0x20, \
							0x20, 0x21, 0x21, 0x21, 0x21, 0x22, 0x22, 0x22, 0x22, 0x23, 0x23, 0x23, 0x23, 0x24, 0x24, 0x24, \
							0x24, 0x25, 0x25, 0x25, 0x26, 0x26, 0x26, 0x26, 0x27, 0x27, 0x27, 0x27, 0x28, 0x28, 0x28, 0x28, \
							0x29, 0x29, 0x29, 0x29, 0x2a, 0x2a, 0x2a, 0x2a, 0x2b, 0x2b, 0x2b, 0x2b, 0x2c, 0x2c, 0x2c, 0x2c, \
							0x2d, 0x2d, 0x2d, 0x2d, 0x2e, 0x2e, 0x2e, 0x2f, 0x2f, 0x2f, 0x2f, 0x30, 0x30, 0x30, 0x30, 0x31, \
							0x31, 0x31, 0x31, 0x32, 0x32, 0x32, 0x32, 0x33, 0x33, 0x33, 0x33, 0x34, 0x34, 0x34, 0x34, 0x35, \
							0x35, 0x35, 0x35, 0x36, 0x36, 0x36, 0x36, 0x37, 0x37, 0x37, 0x37, 0x38, 0x38, 0x38, 0x39, 0x39, \
							0x39, 0x39, 0x3a, 0x3a, 0x3a, 0x3a, 0x3b, 0x3b, 0x3b, 0x3b, 0x3c, 0x3c, 0x3c, 0x3c, 0x3d, 0x3d, \
							0x3d, 0x3d, 0x3e, 0x3e, 0x3e, 0x3e, 0x3f, 0x3f, 0x3f, 0x3f, 0x40, 0x40, 0x40, 0x40, 0x41, 0x41};


unsigned short Y_G[SIZE] = {0x0, 0x0, 0x1, 0x1, 0x2, 0x2, 0x3, 0x3, 0x4, 0x4, 0x5, 0x5, 0x6, 0x6, 0x7, 0x7, \
							0x8, 0x8, 0x9, 0x9, 0xa, 0xa, 0xb, 0xb, 0xc, 0xc, 0xd, 0xd, 0xe, 0xe, 0xf, 0xf, \
							0x10, 0x10, 0x11, 0x11, 0x12, 0x12, 0x13, 0x13, 0x14, 0x14, 0x15, 0x15, 0x16, 0x16, 0x17, 0x17, \
							0x18, 0x18, 0x19, 0x19, 0x1a, 0x1a, 0x1b, 0x1b, 0x1c, 0x1c, 0x1d, 0x1d, 0x1e, 0x1e, 0x1f, 0x1f, \
							0x20, 0x20, 0x21, 0x21, 0x22, 0x22, 0x23, 0x23, 0x24, 0x24, 0x25, 0x25, 0x26, 0x26, 0x27, 0x27, \
							0x28, 0x28, 0x29, 0x29, 0x2a, 0x2a, 0x2b, 0x2b, 0x2c, 0x2c, 0x2d, 0x2d, 0x2e, 0x2e, 0x2f, 0x2f, \
							0x30, 0x30, 0x31, 0x31, 0x32, 0x32, 0x33, 0x33, 0x34, 0x34, 0x35, 0x35, 0x36, 0x36, 0x37, 0x37, \
							0x38, 0x38, 0x39, 0x39, 0x3a, 0x3a, 0x3b, 0x3b, 0x3c, 0x3c, 0x3d, 0x3d, 0x3e, 0x3e, 0x3f, 0x3f, \
							0x40, 0x41, 0x41, 0x42, 0x42, 0x43, 0x43, 0x44, 0x44, 0x45, 0x45, 0x46, 0x46, 0x47, 0x47, 0x48, \
							0x48, 0x49, 0x49, 0x4a, 0x4a, 0x4b, 0x4b, 0x4c, 0x4c, 0x4d, 0x4d, 0x4e, 0x4e, 0x4f, 0x4f, 0x50, \
							0x50, 0x51, 0x51, 0x52, 0x52, 0x53, 0x53, 0x54, 0x54, 0x55, 0x55, 0x56, 0x56, 0x57, 0x57, 0x58, \
							0x58, 0x59, 0x59, 0x5a, 0x5a, 0x5b, 0x5b, 0x5c, 0x5c, 0x5d, 0x5d, 0x5e, 0x5e, 0x5f, 0x5f, 0x60, \
							0x60, 0x61, 0x61, 0x62, 0x62, 0x63, 0x63, 0x64, 0x64, 0x65, 0x65, 0x66, 0x66, 0x67, 0x67, 0x68, \
							0x68, 0x69, 0x69, 0x6a, 0x6a, 0x6b, 0x6b, 0x6c, 0x6c, 0x6d, 0x6d, 0x6e, 0x6e, 0x6f, 0x6f, 0x70, \
							0x70, 0x71, 0x71, 0x72, 0x72, 0x73, 0x73, 0x74, 0x74, 0x75, 0x75, 0x76, 0x76, 0x77, 0x77, 0x78, \
							0x78, 0x79, 0x79, 0x7a, 0x7a, 0x7b, 0x7b, 0x7c, 0x7c, 0x7d, 0x7d, 0x7e, 0x7e, 0x7f, 0x7f, 0x80};

unsigned short Y_B[SIZE] = {0x0, 0x0, 0x0, 0x0, 0x0, 0x0, 0x0, 0x0, 0x0, 0x0, 0x0, 0x1, 0x1, 0x1, 0x1, 0x1, \
							0x1, 0x1, 0x1, 0x1, 0x1, 0x2, 0x2, 0x2, 0x2, 0x2, 0x2, 0x2, 0x2, 0x2, 0x2, 0x3, \
							0x3, 0x3, 0x3, 0x3, 0x3, 0x3, 0x3, 0x3, 0x3, 0x4, 0x4, 0x4, 0x4, 0x4, 0x4, 0x4, \
							0x4, 0x4, 0x4, 0x4, 0x5, 0x5, 0x5, 0x5, 0x5, 0x5, 0x5, 0x5, 0x5, 0x5, 0x6, 0x6, \
							0x6, 0x6, 0x6, 0x6, 0x6, 0x6, 0x6, 0x6, 0x7, 0x7, 0x7, 0x7, 0x7, 0x7, 0x7, 0x7, \
							0x7, 0x7, 0x8, 0x8, 0x8, 0x8, 0x8, 0x8, 0x8, 0x8, 0x8, 0x8, 0x9, 0x9, 0x9, 0x9, \
							0x9, 0x9, 0x9, 0x9, 0x9, 0x9, 0x9, 0xa, 0xa, 0xa, 0xa, 0xa, 0xa, 0xa, 0xa, 0xa, \
							0xa, 0xb, 0xb, 0xb, 0xb, 0xb, 0xb, 0xb, 0xb, 0xb, 0xb, 0xc, 0xc, 0xc, 0xc, 0xc, \
							0xc, 0xc, 0xc, 0xc, 0xc, 0xd, 0xd, 0xd, 0xd, 0xd, 0xd, 0xd, 0xd, 0xd, 0xd, 0xd, \
							0xe, 0xe, 0xe, 0xe, 0xe, 0xe, 0xe, 0xe, 0xe, 0xe, 0xf, 0xf, 0xf, 0xf, 0xf, 0xf, \
							0xf, 0xf, 0xf, 0xf, 0x10, 0x10, 0x10, 0x10, 0x10, 0x10, 0x10, 0x10, 0x10, 0x10, 0x11, 0x11, \
							0x11, 0x11, 0x11, 0x11, 0x11, 0x11, 0x11, 0x11, 0x12, 0x12, 0x12, 0x12, 0x12, 0x12, 0x12, 0x12, \
							0x12, 0x12, 0x12, 0x13, 0x13, 0x13, 0x13, 0x13, 0x13, 0x13, 0x13, 0x13, 0x13, 0x14, 0x14, 0x14, \
							0x14, 0x14, 0x14, 0x14, 0x14, 0x14, 0x14, 0x15, 0x15, 0x15, 0x15, 0x15, 0x15, 0x15, 0x15, 0x15, \
							0x15, 0x16, 0x16, 0x16, 0x16, 0x16, 0x16, 0x16, 0x16, 0x16, 0x16, 0x17, 0x17, 0x17, 0x17, 0x17, \
							0x17, 0x17, 0x17, 0x17, 0x17, 0x17, 0x18, 0x18, 0x18, 0x18, 0x18, 0x18, 0x18, 0x18, 0x18, 0x18};

unsigned short U_R[SIZE] = {0x0, 0x0, 0x0, 0x0, 0x0, 0x0, 0x0, 0x1, 0x1, 0x1, 0x1, 0x1, 0x1, 0x1, 0x2, 0x2, \
							0x2, 0x2, 0x2, 0x2, 0x2, 0x3, 0x3, 0x3, 0x3, 0x3, 0x3, 0x3, 0x4, 0x4, 0x4, 0x4, \
							0x4, 0x4, 0x5, 0x5, 0x5, 0x5, 0x5, 0x5, 0x5, 0x6, 0x6, 0x6, 0x6, 0x6, 0x6, 0x6, \
							0x7, 0x7, 0x7, 0x7, 0x7, 0x7, 0x7, 0x8, 0x8, 0x8, 0x8, 0x8, 0x8, 0x9, 0x9, 0x9, \
							0x9, 0x9, 0x9, 0x9, 0xa, 0xa, 0xa, 0xa, 0xa, 0xa, 0xa, 0xb, 0xb, 0xb, 0xb, 0xb, \
							0xb, 0xb, 0xc, 0xc, 0xc, 0xc, 0xc, 0xc, 0xd, 0xd, 0xd, 0xd, 0xd, 0xd, 0xd, 0xe, \
							0xe, 0xe, 0xe, 0xe, 0xe, 0xe, 0xf, 0xf, 0xf, 0xf, 0xf, 0xf, 0xf, 0x10, 0x10, 0x10, \
							0x10, 0x10, 0x10, 0x11, 0x11, 0x11, 0x11, 0x11, 0x11, 0x11, 0x12, 0x12, 0x12, 0x12, 0x12, 0x12, \
							0x12, 0x13, 0x13, 0x13, 0x13, 0x13, 0x13, 0x13, 0x14, 0x14, 0x14, 0x14, 0x14, 0x14, 0x15, 0x15, \
							0x15, 0x15, 0x15, 0x15, 0x15, 0x16, 0x16, 0x16, 0x16, 0x16, 0x16, 0x16, 0x17, 0x17, 0x17, 0x17, \
							0x17, 0x17, 0x17, 0x18, 0x18, 0x18, 0x18, 0x18, 0x18, 0x19, 0x19, 0x19, 0x19, 0x19, 0x19, 0x19, \
							0x1a, 0x1a, 0x1a, 0x1a, 0x1a, 0x1a, 0x1a, 0x1b, 0x1b, 0x1b, 0x1b, 0x1b, 0x1b, 0x1b, 0x1c, 0x1c, \
							0x1c, 0x1c, 0x1c, 0x1c, 0x1c, 0x1d, 0x1d, 0x1d, 0x1d, 0x1d, 0x1d, 0x1e, 0x1e, 0x1e, 0x1e, 0x1e, \
							0x1e, 0x1e, 0x1f, 0x1f, 0x1f, 0x1f, 0x1f, 0x1f, 0x1f, 0x20, 0x20, 0x20, 0x20, 0x20, 0x20, 0x20, \
							0x21, 0x21, 0x21, 0x21, 0x21, 0x21, 0x22, 0x22, 0x22, 0x22, 0x22, 0x22, 0x22, 0x23, 0x23, 0x23, \
							0x23, 0x23, 0x23, 0x23, 0x24, 0x24, 0x24, 0x24, 0x24, 0x24, 0x24, 0x25, 0x25, 0x25, 0x25, 0x25};

unsigned short U_G[SIZE] = {0x0, 0x0, 0x0, 0x0, 0x1, 0x1, 0x1, 0x2, 0x2, 0x2, 0x2, 0x3, 0x3, 0x3, 0x4, 0x4, \
							0x4, 0x4, 0x5, 0x5, 0x5, 0x6, 0x6, 0x6, 0x6, 0x7, 0x7, 0x7, 0x8, 0x8, 0x8, 0x9, \
							0x9, 0x9, 0x9, 0xa, 0xa, 0xa, 0xb, 0xb, 0xb, 0xb, 0xc, 0xc, 0xc, 0xd, 0xd, 0xd, \
							0xd, 0xe, 0xe, 0xe, 0xf, 0xf, 0xf, 0x10, 0x10, 0x10, 0x10, 0x11, 0x11, 0x11, 0x12, 0x12, \
							0x12, 0x12, 0x13, 0x13, 0x13, 0x14, 0x14, 0x14, 0x14, 0x15, 0x15, 0x15, 0x16, 0x16, 0x16, 0x16, \
							0x17, 0x17, 0x17, 0x18, 0x18, 0x18, 0x19, 0x19, 0x19, 0x19, 0x1a, 0x1a, 0x1a, 0x1b, 0x1b, 0x1b, \
							0x1b, 0x1c, 0x1c, 0x1c, 0x1d, 0x1d, 0x1d, 0x1d, 0x1e, 0x1e, 0x1e, 0x1f, 0x1f, 0x1f, 0x20, 0x20, \
							0x20, 0x20, 0x21, 0x21, 0x21, 0x22, 0x22, 0x22, 0x22, 0x23, 0x23, 0x23, 0x24, 0x24, 0x24, 0x24, \
							0x25, 0x25, 0x25, 0x26, 0x26, 0x26, 0x26, 0x27, 0x27, 0x27, 0x28, 0x28, 0x28, 0x29, 0x29, 0x29, \
							0x29, 0x2a, 0x2a, 0x2a, 0x2b, 0x2b, 0x2b, 0x2b, 0x2c, 0x2c, 0x2c, 0x2d, 0x2d, 0x2d, 0x2d, 0x2e, \
							0x2e, 0x2e, 0x2f, 0x2f, 0x2f, 0x30, 0x30, 0x30, 0x30, 0x31, 0x31, 0x31, 0x32, 0x32, 0x32, 0x32, \
							0x33, 0x33, 0x33, 0x34, 0x34, 0x34, 0x34, 0x35, 0x35, 0x35, 0x36, 0x36, 0x36, 0x37, 0x37, 0x37, \
							0x37, 0x38, 0x38, 0x38, 0x39, 0x39, 0x39, 0x39, 0x3a, 0x3a, 0x3a, 0x3b, 0x3b, 0x3b, 0x3b, 0x3c, \
							0x3c, 0x3c, 0x3d, 0x3d, 0x3d, 0x3d, 0x3e, 0x3e, 0x3e, 0x3f, 0x3f, 0x3f, 0x40, 0x40, 0x40, 0x40, \
							0x41, 0x41, 0x41, 0x42, 0x42, 0x42, 0x42, 0x43, 0x43, 0x43, 0x44, 0x44, 0x44, 0x44, 0x45, 0x45, \
							0x45, 0x46, 0x46, 0x46, 0x47, 0x47, 0x47, 0x47, 0x48, 0x48, 0x48, 0x49, 0x49, 0x49, 0x49, 0x4a};

unsigned short U_B[SIZE] = {0x0, 0x0, 0x0, 0x1, 0x1, 0x2, 0x2, 0x3, 0x3, 0x3, 0x4, 0x4, 0x5, 0x5, 0x6, 0x6, \
							0x7, 0x7, 0x7, 0x8, 0x8, 0x9, 0x9, 0xa, 0xa, 0xa, 0xb, 0xb, 0xc, 0xc, 0xd, 0xd, \
							0xe, 0xe, 0xe, 0xf, 0xf, 0x10, 0x10, 0x11, 0x11, 0x11, 0x12, 0x12, 0x13, 0x13, 0x14, 0x14, \
							0x15, 0x15, 0x15, 0x16, 0x16, 0x17, 0x17, 0x18, 0x18, 0x19, 0x19, 0x19, 0x1a, 0x1a, 0x1b, 0x1b, \
							0x1c, 0x1c, 0x1c, 0x1d, 0x1d, 0x1e, 0x1e, 0x1f, 0x1f, 0x20, 0x20, 0x20, 0x21, 0x21, 0x22, 0x22, \
							0x23, 0x23, 0x23, 0x24, 0x24, 0x25, 0x25, 0x26, 0x26, 0x27, 0x27, 0x27, 0x28, 0x28, 0x29, 0x29, \
							0x2a, 0x2a, 0x2b, 0x2b, 0x2b, 0x2c, 0x2c, 0x2d, 0x2d, 0x2e, 0x2e, 0x2e, 0x2f, 0x2f, 0x30, 0x30, \
							0x31, 0x31, 0x32, 0x32, 0x32, 0x33, 0x33, 0x34, 0x34, 0x35, 0x35, 0x35, 0x36, 0x36, 0x37, 0x37, \
							0x38, 0x38, 0x39, 0x39, 0x39, 0x3a, 0x3a, 0x3b, 0x3b, 0x3c, 0x3c, 0x3d, 0x3d, 0x3d, 0x3e, 0x3e, \
							0x3f, 0x3f, 0x40, 0x40, 0x40, 0x41, 0x41, 0x42, 0x42, 0x43, 0x43, 0x44, 0x44, 0x44, 0x45, 0x45, \
							0x46, 0x46, 0x47, 0x47, 0x47, 0x48, 0x48, 0x49, 0x49, 0x4a, 0x4a, 0x4b, 0x4b, 0x4b, 0x4c, 0x4c, \
							0x4d, 0x4d, 0x4e, 0x4e, 0x4f, 0x4f, 0x4f, 0x50, 0x50, 0x51, 0x51, 0x52, 0x52, 0x52, 0x53, 0x53, \
							0x54, 0x54, 0x55, 0x55, 0x56, 0x56, 0x56, 0x57, 0x57, 0x58, 0x58, 0x59, 0x59, 0x59, 0x5a, 0x5a, \
							0x5b, 0x5b, 0x5c, 0x5c, 0x5d, 0x5d, 0x5d, 0x5e, 0x5e, 0x5f, 0x5f, 0x60, 0x60, 0x61, 0x61, 0x61, \
							0x62, 0x62, 0x63, 0x63, 0x64, 0x64, 0x64, 0x65, 0x65, 0x66, 0x66, 0x67, 0x67, 0x68, 0x68, 0x68, \
							0x69, 0x69, 0x6a, 0x6a, 0x6b, 0x6b, 0x6b, 0x6c, 0x6c, 0x6d, 0x6d, 0x6e, 0x6e, 0x6f, 0x6f, 0x6f};

unsigned short V_R[SIZE] = {0x0, 0x0, 0x0, 0x1, 0x1, 0x2, 0x2, 0x3, 0x3, 0x3, 0x4, 0x4, 0x5, 0x5, 0x6, 0x6, \
							0x7, 0x7, 0x7, 0x8, 0x8, 0x9, 0x9, 0xa, 0xa, 0xa, 0xb, 0xb, 0xc, 0xc, 0xd, 0xd, \
							0xe, 0xe, 0xe, 0xf, 0xf, 0x10, 0x10, 0x11, 0x11, 0x11, 0x12, 0x12, 0x13, 0x13, 0x14, 0x14, \
							0x15, 0x15, 0x15, 0x16, 0x16, 0x17, 0x17, 0x18, 0x18, 0x19, 0x19, 0x19, 0x1a, 0x1a, 0x1b, 0x1b, \
							0x1c, 0x1c, 0x1c, 0x1d, 0x1d, 0x1e, 0x1e, 0x1f, 0x1f, 0x20, 0x20, 0x20, 0x21, 0x21, 0x22, 0x22, \
							0x23, 0x23, 0x23, 0x24, 0x24, 0x25, 0x25, 0x26, 0x26, 0x27, 0x27, 0x27, 0x28, 0x28, 0x29, 0x29, \
							0x2a, 0x2a, 0x2b, 0x2b, 0x2b, 0x2c, 0x2c, 0x2d, 0x2d, 0x2e, 0x2e, 0x2e, 0x2f, 0x2f, 0x30, 0x30, \
							0x31, 0x31, 0x32, 0x32, 0x32, 0x33, 0x33, 0x34, 0x34, 0x35, 0x35, 0x35, 0x36, 0x36, 0x37, 0x37, \
							0x38, 0x38, 0x39, 0x39, 0x39, 0x3a, 0x3a, 0x3b, 0x3b, 0x3c, 0x3c, 0x3d, 0x3d, 0x3d, 0x3e, 0x3e, \
							0x3f, 0x3f, 0x40, 0x40, 0x40, 0x41, 0x41, 0x42, 0x42, 0x43, 0x43, 0x44, 0x44, 0x44, 0x45, 0x45, \
							0x46, 0x46, 0x47, 0x47, 0x47, 0x48, 0x48, 0x49, 0x49, 0x4a, 0x4a, 0x4b, 0x4b, 0x4b, 0x4c, 0x4c, \
							0x4d, 0x4d, 0x4e, 0x4e, 0x4f, 0x4f, 0x4f, 0x50, 0x50, 0x51, 0x51, 0x52, 0x52, 0x52, 0x53, 0x53, \
							0x54, 0x54, 0x55, 0x55, 0x56, 0x56, 0x56, 0x57, 0x57, 0x58, 0x58, 0x59, 0x59, 0x59, 0x5a, 0x5a, \
							0x5b, 0x5b, 0x5c, 0x5c, 0x5d, 0x5d, 0x5d, 0x5e, 0x5e, 0x5f, 0x5f, 0x60, 0x60, 0x61, 0x61, 0x61, \
							0x62, 0x62, 0x63, 0x63, 0x64, 0x64, 0x64, 0x65, 0x65, 0x66, 0x66, 0x67, 0x67, 0x68, 0x68, 0x68, \
							0x69, 0x69, 0x6a, 0x6a, 0x6b, 0x6b, 0x6b, 0x6c, 0x6c, 0x6d, 0x6d, 0x6e, 0x6e, 0x6f, 0x6f, 0x6f};

unsigned short V_G[SIZE] = {0x0, 0x0, 0x0, 0x1, 0x1, 0x1, 0x2, 0x2, 0x2, 0x3, 0x3, 0x4, 0x4, 0x4, 0x5, 0x5, \
							0x5, 0x6, 0x6, 0x6, 0x7, 0x7, 0x8, 0x8, 0x8, 0x9, 0x9, 0x9, 0xa, 0xa, 0xb, 0xb, \
							0xb, 0xc, 0xc, 0xc, 0xd, 0xd, 0xd, 0xe, 0xe, 0xf, 0xf, 0xf, 0x10, 0x10, 0x10, 0x11, \
							0x11, 0x12, 0x12, 0x12, 0x13, 0x13, 0x13, 0x14, 0x14, 0x14, 0x15, 0x15, 0x16, 0x16, 0x16, 0x17, \
							0x17, 0x17, 0x18, 0x18, 0x19, 0x19, 0x19, 0x1a, 0x1a, 0x1a, 0x1b, 0x1b, 0x1b, 0x1c, 0x1c, 0x1d, \
							0x1d, 0x1d, 0x1e, 0x1e, 0x1e, 0x1f, 0x1f, 0x20, 0x20, 0x20, 0x21, 0x21, 0x21, 0x22, 0x22, 0x22, \
							0x23, 0x23, 0x24, 0x24, 0x24, 0x25, 0x25, 0x25, 0x26, 0x26, 0x26, 0x27, 0x27, 0x28, 0x28, 0x28, \
							0x29, 0x29, 0x29, 0x2a, 0x2a, 0x2b, 0x2b, 0x2b, 0x2c, 0x2c, 0x2c, 0x2d, 0x2d, 0x2d, 0x2e, 0x2e, \
							0x2f, 0x2f, 0x2f, 0x30, 0x30, 0x30, 0x31, 0x31, 0x32, 0x32, 0x32, 0x33, 0x33, 0x33, 0x34, 0x34, \
							0x34, 0x35, 0x35, 0x36, 0x36, 0x36, 0x37, 0x37, 0x37, 0x38, 0x38, 0x39, 0x39, 0x39, 0x3a, 0x3a, \
							0x3a, 0x3b, 0x3b, 0x3b, 0x3c, 0x3c, 0x3d, 0x3d, 0x3d, 0x3e, 0x3e, 0x3e, 0x3f, 0x3f, 0x40, 0x40, \
							0x40, 0x41, 0x41, 0x41, 0x42, 0x42, 0x42, 0x43, 0x43, 0x44, 0x44, 0x44, 0x45, 0x45, 0x45, 0x46, \
							0x46, 0x47, 0x47, 0x47, 0x48, 0x48, 0x48, 0x49, 0x49, 0x49, 0x4a, 0x4a, 0x4b, 0x4b, 0x4b, 0x4c, \
							0x4c, 0x4c, 0x4d, 0x4d, 0x4d, 0x4e, 0x4e, 0x4f, 0x4f, 0x4f, 0x50, 0x50, 0x50, 0x51, 0x51, 0x52, \
							0x52, 0x52, 0x53, 0x53, 0x53, 0x54, 0x54, 0x54, 0x55, 0x55, 0x56, 0x56, 0x56, 0x57, 0x57, 0x57, \
							0x58, 0x58, 0x59, 0x59, 0x59, 0x5a, 0x5a, 0x5a, 0x5b, 0x5b, 0x5b, 0x5c, 0x5c, 0x5d, 0x5d, 0x5d};

unsigned short V_B[SIZE] = {0x0, 0x0, 0x0, 0x0, 0x0, 0x0, 0x0, 0x0, 0x0, 0x0, 0x0, 0x0, 0x0, 0x0, 0x0, 0x1, \
							0x1, 0x1, 0x1, 0x1, 0x1, 0x1, 0x1, 0x1, 0x1, 0x1, 0x1, 0x1, 0x1, 0x2, 0x2, 0x2, \
							0x2, 0x2, 0x2, 0x2, 0x2, 0x2, 0x2, 0x2, 0x2, 0x2, 0x2, 0x3, 0x3, 0x3, 0x3, 0x3, \
							0x3, 0x3, 0x3, 0x3, 0x3, 0x3, 0x3, 0x3, 0x3, 0x4, 0x4, 0x4, 0x4, 0x4, 0x4, 0x4, \
							0x4, 0x4, 0x4, 0x4, 0x4, 0x4, 0x4, 0x5, 0x5, 0x5, 0x5, 0x5, 0x5, 0x5, 0x5, 0x5, \
							0x5, 0x5, 0x5, 0x5, 0x5, 0x6, 0x6, 0x6, 0x6, 0x6, 0x6, 0x6, 0x6, 0x6, 0x6, 0x6, \
							0x6, 0x6, 0x6, 0x7, 0x7, 0x7, 0x7, 0x7, 0x7, 0x7, 0x7, 0x7, 0x7, 0x7, 0x7, 0x7, \
							0x7, 0x8, 0x8, 0x8, 0x8, 0x8, 0x8, 0x8, 0x8, 0x8, 0x8, 0x8, 0x8, 0x8, 0x8, 0x9, \
							0x9, 0x9, 0x9, 0x9, 0x9, 0x9, 0x9, 0x9, 0x9, 0x9, 0x9, 0x9, 0x9, 0xa, 0xa, 0xa, \
							0xa, 0xa, 0xa, 0xa, 0xa, 0xa, 0xa, 0xa, 0xa, 0xa, 0xa, 0xb, 0xb, 0xb, 0xb, 0xb, \
							0xb, 0xb, 0xb, 0xb, 0xb, 0xb, 0xb, 0xb, 0xb, 0xc, 0xc, 0xc, 0xc, 0xc, 0xc, 0xc, \
							0xc, 0xc, 0xc, 0xc, 0xc, 0xc, 0xc, 0xd, 0xd, 0xd, 0xd, 0xd, 0xd, 0xd, 0xd, 0xd, \
							0xd, 0xd, 0xd, 0xd, 0xd, 0xd, 0xe, 0xe, 0xe, 0xe, 0xe, 0xe, 0xe, 0xe, 0xe, 0xe, \
							0xe, 0xe, 0xe, 0xe, 0xf, 0xf, 0xf, 0xf, 0xf, 0xf, 0xf, 0xf, 0xf, 0xf, 0xf, 0xf, \
							0xf, 0xf, 0x10, 0x10, 0x10, 0x10, 0x10, 0x10, 0x10, 0x10, 0x10, 0x10, 0x10, 0x10, 0x10, 0x10, \
							0x11, 0x11, 0x11, 0x11, 0x11, 0x11, 0x11, 0x11, 0x11, 0x11, 0x11, 0x11, 0x11, 0x11, 0x12, 0x12}; 
#else
unsigned short Y_R[SIZE],Y_G[SIZE],Y_B[SIZE],U_R[SIZE],U_G[SIZE],U_B[SIZE],V_R[SIZE],V_G[SIZE],V_B[SIZE];
#endif

const uint8_t Luma_Quantization_Table[64] = 
{
	16,  11,  10,  16,  24,  40,  51,  61,
	12,  12,  14,  19,  26,  58,  60,  55,
	14,  13,  16,  24,  40,  57,  69,  56,
	14,  17,  22,  29,  51,  87,  80,  62,
	18,  22,  37,  56,  68, 109, 103,  77,
	24,  35,  55,  64,  81, 104, 113,  92,
	49,  64,  78,  87, 103, 121, 120, 101,
	72,  92,  95,  98, 112, 100, 103,  99
};

const uint8_t Chroma_Quantization_Table[64] = 
{
	17,  18,  24,  47,  99,  99,  99,  99,
	18,  21,  26,  66,  99,  99,  99,  99,
	24,  26,  56,  99,  99,  99,  99,  99,
	47,  66,  99,  99,  99,  99,  99,  99,
	99,  99,  99,  99,  99,  99,  99,  99,
	99,  99,  99,  99,  99,  99,  99,  99,
	99,  99,  99,  99,  99,  99,  99,  99,
	99,  99,  99,  99,  99,  99,  99,  99
};
uint8_t real_Y_Quan_Table[64], real_CbCr_Quan_Table[64];

const uint8_t ZigZag[64] =
{ 
	0, 1, 5, 6,14,15,27,28,
	2, 4, 7,13,16,26,29,42,
	3, 8,12,17,25,30,41,43,
	9,11,18,24,31,40,44,53,
	10,19,23,32,39,45,52,54,
	20,22,33,38,46,51,55,60,
	21,34,37,47,50,56,59,61,
	35,36,48,49,57,58,62,63 
}; 

uint32_t quantization_Y[64];
uint32_t quantization_C[64];

#endif
